##TITLE= line_down
##JCAMP-DX= 5.00 Bruker JCAMP library
##DATA TYPE= Shape Data
##ORIGIN= Bruker BioSpin GmbH
##OWNER= <nmr>
##DATE= 2013/12/09
##TIME= 17:54:26
##$SHAPE_PARAMETERS= Type: Ramp ; Start Amplitude 100.0 ; End Amplitude 0.0
##MINX= 0.000000E00
##MAXX= 1.000000E02
##MINY= 0.000000E00
##MAXY= 0.000000E00
##$SHAPE_EXMODE= Excitation
##$SHAPE_TOTROT= 9.000000E01
##$SHAPE_TYPE= Excitation
##$SHAPE_USER_DEF= 
##$SHAPE_REPHFAC= 
##$SHAPE_BWFAC= -2.000000E-01
##$SHAPE_BWFAC50= 
##$SHAPE_INTEGFAC= 5.000000E-01
##$SHAPE_MODE= 0
##NPOINTS= 1000
##XYPOINTS= (XY..XY)
1.000000E02, 0.000000E00
9.989990E01, 0.000000E00
9.979980E01, 0.000000E00
9.969970E01, 0.000000E00
9.959960E01, 0.000000E00
9.949950E01, 0.000000E00
9.939940E01, 0.000000E00
9.929930E01, 0.000000E00
9.919920E01, 0.000000E00
9.909910E01, 0.000000E00
9.899900E01, 0.000000E00
9.889890E01, 0.000000E00
9.879880E01, 0.000000E00
9.869870E01, 0.000000E00
9.859860E01, 0.000000E00
9.849850E01, 0.000000E00
9.839840E01, 0.000000E00
9.829830E01, 0.000000E00
9.819820E01, 0.000000E00
9.809810E01, 0.000000E00
9.799800E01, 0.000000E00
9.789790E01, 0.000000E00
9.779780E01, 0.000000E00
9.769770E01, 0.000000E00
9.759760E01, 0.000000E00
9.749750E01, 0.000000E00
9.739740E01, 0.000000E00
9.729730E01, 0.000000E00
9.719720E01, 0.000000E00
9.709710E01, 0.000000E00
9.699700E01, 0.000000E00
9.689690E01, 0.000000E00
9.679680E01, 0.000000E00
9.669670E01, 0.000000E00
9.659660E01, 0.000000E00
9.649650E01, 0.000000E00
9.639640E01, 0.000000E00
9.629630E01, 0.000000E00
9.619620E01, 0.000000E00
9.609610E01, 0.000000E00
9.599600E01, 0.000000E00
9.589590E01, 0.000000E00
9.579580E01, 0.000000E00
9.569570E01, 0.000000E00
9.559560E01, 0.000000E00
9.549550E01, 0.000000E00
9.539540E01, 0.000000E00
9.529530E01, 0.000000E00
9.519520E01, 0.000000E00
9.509510E01, 0.000000E00
9.499499E01, 0.000000E00
9.489489E01, 0.000000E00
9.479479E01, 0.000000E00
9.469469E01, 0.000000E00
9.459459E01, 0.000000E00
9.449449E01, 0.000000E00
9.439439E01, 0.000000E00
9.429429E01, 0.000000E00
9.419419E01, 0.000000E00
9.409409E01, 0.000000E00
9.399399E01, 0.000000E00
9.389389E01, 0.000000E00
9.379379E01, 0.000000E00
9.369369E01, 0.000000E00
9.359359E01, 0.000000E00
9.349349E01, 0.000000E00
9.339339E01, 0.000000E00
9.329329E01, 0.000000E00
9.319319E01, 0.000000E00
9.309309E01, 0.000000E00
9.299299E01, 0.000000E00
9.289289E01, 0.000000E00
9.279279E01, 0.000000E00
9.269269E01, 0.000000E00
9.259259E01, 0.000000E00
9.249249E01, 0.000000E00
9.239239E01, 0.000000E00
9.229229E01, 0.000000E00
9.219219E01, 0.000000E00
9.209209E01, 0.000000E00
9.199199E01, 0.000000E00
9.189189E01, 0.000000E00
9.179179E01, 0.000000E00
9.169169E01, 0.000000E00
9.159159E01, 0.000000E00
9.149149E01, 0.000000E00
9.139139E01, 0.000000E00
9.129129E01, 0.000000E00
9.119119E01, 0.000000E00
9.109109E01, 0.000000E00
9.099099E01, 0.000000E00
9.089089E01, 0.000000E00
9.079079E01, 0.000000E00
9.069069E01, 0.000000E00
9.059059E01, 0.000000E00
9.049049E01, 0.000000E00
9.039039E01, 0.000000E00
9.029029E01, 0.000000E00
9.019019E01, 0.000000E00
9.009009E01, 0.000000E00
8.998999E01, 0.000000E00
8.988989E01, 0.000000E00
8.978979E01, 0.000000E00
8.968969E01, 0.000000E00
8.958959E01, 0.000000E00
8.948949E01, 0.000000E00
8.938939E01, 0.000000E00
8.928929E01, 0.000000E00
8.918919E01, 0.000000E00
8.908909E01, 0.000000E00
8.898899E01, 0.000000E00
8.888889E01, 0.000000E00
8.878879E01, 0.000000E00
8.868869E01, 0.000000E00
8.858859E01, 0.000000E00
8.848849E01, 0.000000E00
8.838839E01, 0.000000E00
8.828829E01, 0.000000E00
8.818819E01, 0.000000E00
8.808809E01, 0.000000E00
8.798799E01, 0.000000E00
8.788789E01, 0.000000E00
8.778779E01, 0.000000E00
8.768769E01, 0.000000E00
8.758759E01, 0.000000E00
8.748749E01, 0.000000E00
8.738739E01, 0.000000E00
8.728729E01, 0.000000E00
8.718719E01, 0.000000E00
8.708709E01, 0.000000E00
8.698699E01, 0.000000E00
8.688689E01, 0.000000E00
8.678679E01, 0.000000E00
8.668669E01, 0.000000E00
8.658659E01, 0.000000E00
8.648649E01, 0.000000E00
8.638639E01, 0.000000E00
8.628629E01, 0.000000E00
8.618619E01, 0.000000E00
8.608609E01, 0.000000E00
8.598599E01, 0.000000E00
8.588589E01, 0.000000E00
8.578579E01, 0.000000E00
8.568569E01, 0.000000E00
8.558559E01, 0.000000E00
8.548549E01, 0.000000E00
8.538539E01, 0.000000E00
8.528529E01, 0.000000E00
8.518519E01, 0.000000E00
8.508509E01, 0.000000E00
8.498498E01, 0.000000E00
8.488488E01, 0.000000E00
8.478478E01, 0.000000E00
8.468468E01, 0.000000E00
8.458458E01, 0.000000E00
8.448448E01, 0.000000E00
8.438438E01, 0.000000E00
8.428428E01, 0.000000E00
8.418418E01, 0.000000E00
8.408408E01, 0.000000E00
8.398398E01, 0.000000E00
8.388388E01, 0.000000E00
8.378378E01, 0.000000E00
8.368368E01, 0.000000E00
8.358358E01, 0.000000E00
8.348348E01, 0.000000E00
8.338338E01, 0.000000E00
8.328328E01, 0.000000E00
8.318318E01, 0.000000E00
8.308308E01, 0.000000E00
8.298298E01, 0.000000E00
8.288288E01, 0.000000E00
8.278278E01, 0.000000E00
8.268268E01, 0.000000E00
8.258258E01, 0.000000E00
8.248248E01, 0.000000E00
8.238238E01, 0.000000E00
8.228228E01, 0.000000E00
8.218218E01, 0.000000E00
8.208208E01, 0.000000E00
8.198198E01, 0.000000E00
8.188188E01, 0.000000E00
8.178178E01, 0.000000E00
8.168168E01, 0.000000E00
8.158158E01, 0.000000E00
8.148148E01, 0.000000E00
8.138138E01, 0.000000E00
8.128128E01, 0.000000E00
8.118118E01, 0.000000E00
8.108108E01, 0.000000E00
8.098098E01, 0.000000E00
8.088088E01, 0.000000E00
8.078078E01, 0.000000E00
8.068068E01, 0.000000E00
8.058058E01, 0.000000E00
8.048048E01, 0.000000E00
8.038038E01, 0.000000E00
8.028028E01, 0.000000E00
8.018018E01, 0.000000E00
8.008008E01, 0.000000E00
7.997998E01, 0.000000E00
7.987988E01, 0.000000E00
7.977978E01, 0.000000E00
7.967968E01, 0.000000E00
7.957958E01, 0.000000E00
7.947948E01, 0.000000E00
7.937938E01, 0.000000E00
7.927928E01, 0.000000E00
7.917918E01, 0.000000E00
7.907908E01, 0.000000E00
7.897898E01, 0.000000E00
7.887888E01, 0.000000E00
7.877878E01, 0.000000E00
7.867868E01, 0.000000E00
7.857858E01, 0.000000E00
7.847848E01, 0.000000E00
7.837838E01, 0.000000E00
7.827828E01, 0.000000E00
7.817818E01, 0.000000E00
7.807808E01, 0.000000E00
7.797798E01, 0.000000E00
7.787788E01, 0.000000E00
7.777778E01, 0.000000E00
7.767768E01, 0.000000E00
7.757758E01, 0.000000E00
7.747748E01, 0.000000E00
7.737738E01, 0.000000E00
7.727728E01, 0.000000E00
7.717718E01, 0.000000E00
7.707708E01, 0.000000E00
7.697698E01, 0.000000E00
7.687688E01, 0.000000E00
7.677678E01, 0.000000E00
7.667668E01, 0.000000E00
7.657658E01, 0.000000E00
7.647648E01, 0.000000E00
7.637638E01, 0.000000E00
7.627628E01, 0.000000E00
7.617618E01, 0.000000E00
7.607608E01, 0.000000E00
7.597598E01, 0.000000E00
7.587588E01, 0.000000E00
7.577578E01, 0.000000E00
7.567568E01, 0.000000E00
7.557558E01, 0.000000E00
7.547548E01, 0.000000E00
7.537538E01, 0.000000E00
7.527528E01, 0.000000E00
7.517518E01, 0.000000E00
7.507508E01, 0.000000E00
7.497497E01, 0.000000E00
7.487487E01, 0.000000E00
7.477477E01, 0.000000E00
7.467467E01, 0.000000E00
7.457457E01, 0.000000E00
7.447447E01, 0.000000E00
7.437437E01, 0.000000E00
7.427427E01, 0.000000E00
7.417417E01, 0.000000E00
7.407407E01, 0.000000E00
7.397397E01, 0.000000E00
7.387387E01, 0.000000E00
7.377377E01, 0.000000E00
7.367367E01, 0.000000E00
7.357357E01, 0.000000E00
7.347347E01, 0.000000E00
7.337337E01, 0.000000E00
7.327327E01, 0.000000E00
7.317317E01, 0.000000E00
7.307307E01, 0.000000E00
7.297297E01, 0.000000E00
7.287287E01, 0.000000E00
7.277277E01, 0.000000E00
7.267267E01, 0.000000E00
7.257257E01, 0.000000E00
7.247247E01, 0.000000E00
7.237237E01, 0.000000E00
7.227227E01, 0.000000E00
7.217217E01, 0.000000E00
7.207207E01, 0.000000E00
7.197197E01, 0.000000E00
7.187187E01, 0.000000E00
7.177177E01, 0.000000E00
7.167167E01, 0.000000E00
7.157157E01, 0.000000E00
7.147147E01, 0.000000E00
7.137137E01, 0.000000E00
7.127127E01, 0.000000E00
7.117117E01, 0.000000E00
7.107107E01, 0.000000E00
7.097097E01, 0.000000E00
7.087087E01, 0.000000E00
7.077077E01, 0.000000E00
7.067067E01, 0.000000E00
7.057057E01, 0.000000E00
7.047047E01, 0.000000E00
7.037037E01, 0.000000E00
7.027027E01, 0.000000E00
7.017017E01, 0.000000E00
7.007007E01, 0.000000E00
6.996997E01, 0.000000E00
6.986987E01, 0.000000E00
6.976977E01, 0.000000E00
6.966967E01, 0.000000E00
6.956957E01, 0.000000E00
6.946947E01, 0.000000E00
6.936937E01, 0.000000E00
6.926927E01, 0.000000E00
6.916917E01, 0.000000E00
6.906907E01, 0.000000E00
6.896897E01, 0.000000E00
6.886887E01, 0.000000E00
6.876877E01, 0.000000E00
6.866867E01, 0.000000E00
6.856857E01, 0.000000E00
6.846847E01, 0.000000E00
6.836837E01, 0.000000E00
6.826827E01, 0.000000E00
6.816817E01, 0.000000E00
6.806807E01, 0.000000E00
6.796797E01, 0.000000E00
6.786787E01, 0.000000E00
6.776777E01, 0.000000E00
6.766767E01, 0.000000E00
6.756757E01, 0.000000E00
6.746747E01, 0.000000E00
6.736737E01, 0.000000E00
6.726727E01, 0.000000E00
6.716717E01, 0.000000E00
6.706707E01, 0.000000E00
6.696697E01, 0.000000E00
6.686687E01, 0.000000E00
6.676677E01, 0.000000E00
6.666667E01, 0.000000E00
6.656657E01, 0.000000E00
6.646647E01, 0.000000E00
6.636637E01, 0.000000E00
6.626627E01, 0.000000E00
6.616617E01, 0.000000E00
6.606607E01, 0.000000E00
6.596597E01, 0.000000E00
6.586587E01, 0.000000E00
6.576577E01, 0.000000E00
6.566567E01, 0.000000E00
6.556557E01, 0.000000E00
6.546547E01, 0.000000E00
6.536537E01, 0.000000E00
6.526527E01, 0.000000E00
6.516517E01, 0.000000E00
6.506507E01, 0.000000E00
6.496496E01, 0.000000E00
6.486486E01, 0.000000E00
6.476476E01, 0.000000E00
6.466466E01, 0.000000E00
6.456456E01, 0.000000E00
6.446446E01, 0.000000E00
6.436436E01, 0.000000E00
6.426426E01, 0.000000E00
6.416416E01, 0.000000E00
6.406406E01, 0.000000E00
6.396396E01, 0.000000E00
6.386386E01, 0.000000E00
6.376376E01, 0.000000E00
6.366366E01, 0.000000E00
6.356356E01, 0.000000E00
6.346346E01, 0.000000E00
6.336336E01, 0.000000E00
6.326326E01, 0.000000E00
6.316316E01, 0.000000E00
6.306306E01, 0.000000E00
6.296296E01, 0.000000E00
6.286286E01, 0.000000E00
6.276276E01, 0.000000E00
6.266266E01, 0.000000E00
6.256256E01, 0.000000E00
6.246246E01, 0.000000E00
6.236236E01, 0.000000E00
6.226226E01, 0.000000E00
6.216216E01, 0.000000E00
6.206206E01, 0.000000E00
6.196196E01, 0.000000E00
6.186186E01, 0.000000E00
6.176176E01, 0.000000E00
6.166166E01, 0.000000E00
6.156156E01, 0.000000E00
6.146146E01, 0.000000E00
6.136136E01, 0.000000E00
6.126126E01, 0.000000E00
6.116116E01, 0.000000E00
6.106106E01, 0.000000E00
6.096096E01, 0.000000E00
6.086086E01, 0.000000E00
6.076076E01, 0.000000E00
6.066066E01, 0.000000E00
6.056056E01, 0.000000E00
6.046046E01, 0.000000E00
6.036036E01, 0.000000E00
6.026026E01, 0.000000E00
6.016016E01, 0.000000E00
6.006006E01, 0.000000E00
5.995996E01, 0.000000E00
5.985986E01, 0.000000E00
5.975976E01, 0.000000E00
5.965966E01, 0.000000E00
5.955956E01, 0.000000E00
5.945946E01, 0.000000E00
5.935936E01, 0.000000E00
5.925926E01, 0.000000E00
5.915916E01, 0.000000E00
5.905906E01, 0.000000E00
5.895896E01, 0.000000E00
5.885886E01, 0.000000E00
5.875876E01, 0.000000E00
5.865866E01, 0.000000E00
5.855856E01, 0.000000E00
5.845846E01, 0.000000E00
5.835836E01, 0.000000E00
5.825826E01, 0.000000E00
5.815816E01, 0.000000E00
5.805806E01, 0.000000E00
5.795796E01, 0.000000E00
5.785786E01, 0.000000E00
5.775776E01, 0.000000E00
5.765766E01, 0.000000E00
5.755756E01, 0.000000E00
5.745746E01, 0.000000E00
5.735736E01, 0.000000E00
5.725726E01, 0.000000E00
5.715716E01, 0.000000E00
5.705706E01, 0.000000E00
5.695696E01, 0.000000E00
5.685686E01, 0.000000E00
5.675676E01, 0.000000E00
5.665666E01, 0.000000E00
5.655656E01, 0.000000E00
5.645646E01, 0.000000E00
5.635636E01, 0.000000E00
5.625626E01, 0.000000E00
5.615616E01, 0.000000E00
5.605606E01, 0.000000E00
5.595596E01, 0.000000E00
5.585586E01, 0.000000E00
5.575576E01, 0.000000E00
5.565566E01, 0.000000E00
5.555556E01, 0.000000E00
5.545546E01, 0.000000E00
5.535536E01, 0.000000E00
5.525526E01, 0.000000E00
5.515516E01, 0.000000E00
5.505506E01, 0.000000E00
5.495495E01, 0.000000E00
5.485485E01, 0.000000E00
5.475475E01, 0.000000E00
5.465465E01, 0.000000E00
5.455455E01, 0.000000E00
5.445445E01, 0.000000E00
5.435435E01, 0.000000E00
5.425425E01, 0.000000E00
5.415415E01, 0.000000E00
5.405405E01, 0.000000E00
5.395395E01, 0.000000E00
5.385385E01, 0.000000E00
5.375375E01, 0.000000E00
5.365365E01, 0.000000E00
5.355355E01, 0.000000E00
5.345345E01, 0.000000E00
5.335335E01, 0.000000E00
5.325325E01, 0.000000E00
5.315315E01, 0.000000E00
5.305305E01, 0.000000E00
5.295295E01, 0.000000E00
5.285285E01, 0.000000E00
5.275275E01, 0.000000E00
5.265265E01, 0.000000E00
5.255255E01, 0.000000E00
5.245245E01, 0.000000E00
5.235235E01, 0.000000E00
5.225225E01, 0.000000E00
5.215215E01, 0.000000E00
5.205205E01, 0.000000E00
5.195195E01, 0.000000E00
5.185185E01, 0.000000E00
5.175175E01, 0.000000E00
5.165165E01, 0.000000E00
5.155155E01, 0.000000E00
5.145145E01, 0.000000E00
5.135135E01, 0.000000E00
5.125125E01, 0.000000E00
5.115115E01, 0.000000E00
5.105105E01, 0.000000E00
5.095095E01, 0.000000E00
5.085085E01, 0.000000E00
5.075075E01, 0.000000E00
5.065065E01, 0.000000E00
5.055055E01, 0.000000E00
5.045045E01, 0.000000E00
5.035035E01, 0.000000E00
5.025025E01, 0.000000E00
5.015015E01, 0.000000E00
5.005005E01, 0.000000E00
4.994995E01, 0.000000E00
4.984985E01, 0.000000E00
4.974975E01, 0.000000E00
4.964965E01, 0.000000E00
4.954955E01, 0.000000E00
4.944945E01, 0.000000E00
4.934935E01, 0.000000E00
4.924925E01, 0.000000E00
4.914915E01, 0.000000E00
4.904905E01, 0.000000E00
4.894895E01, 0.000000E00
4.884885E01, 0.000000E00
4.874875E01, 0.000000E00
4.864865E01, 0.000000E00
4.854855E01, 0.000000E00
4.844845E01, 0.000000E00
4.834835E01, 0.000000E00
4.824825E01, 0.000000E00
4.814815E01, 0.000000E00
4.804805E01, 0.000000E00
4.794795E01, 0.000000E00
4.784785E01, 0.000000E00
4.774775E01, 0.000000E00
4.764765E01, 0.000000E00
4.754755E01, 0.000000E00
4.744745E01, 0.000000E00
4.734735E01, 0.000000E00
4.724725E01, 0.000000E00
4.714715E01, 0.000000E00
4.704705E01, 0.000000E00
4.694695E01, 0.000000E00
4.684685E01, 0.000000E00
4.674675E01, 0.000000E00
4.664665E01, 0.000000E00
4.654655E01, 0.000000E00
4.644645E01, 0.000000E00
4.634635E01, 0.000000E00
4.624625E01, 0.000000E00
4.614615E01, 0.000000E00
4.604605E01, 0.000000E00
4.594595E01, 0.000000E00
4.584585E01, 0.000000E00
4.574575E01, 0.000000E00
4.564565E01, 0.000000E00
4.554555E01, 0.000000E00
4.544545E01, 0.000000E00
4.534535E01, 0.000000E00
4.524525E01, 0.000000E00
4.514515E01, 0.000000E00
4.504505E01, 0.000000E00
4.494494E01, 0.000000E00
4.484484E01, 0.000000E00
4.474474E01, 0.000000E00
4.464464E01, 0.000000E00
4.454454E01, 0.000000E00
4.444444E01, 0.000000E00
4.434434E01, 0.000000E00
4.424424E01, 0.000000E00
4.414414E01, 0.000000E00
4.404404E01, 0.000000E00
4.394394E01, 0.000000E00
4.384384E01, 0.000000E00
4.374374E01, 0.000000E00
4.364364E01, 0.000000E00
4.354354E01, 0.000000E00
4.344344E01, 0.000000E00
4.334334E01, 0.000000E00
4.324324E01, 0.000000E00
4.314314E01, 0.000000E00
4.304304E01, 0.000000E00
4.294294E01, 0.000000E00
4.284284E01, 0.000000E00
4.274274E01, 0.000000E00
4.264264E01, 0.000000E00
4.254254E01, 0.000000E00
4.244244E01, 0.000000E00
4.234234E01, 0.000000E00
4.224224E01, 0.000000E00
4.214214E01, 0.000000E00
4.204204E01, 0.000000E00
4.194194E01, 0.000000E00
4.184184E01, 0.000000E00
4.174174E01, 0.000000E00
4.164164E01, 0.000000E00
4.154154E01, 0.000000E00
4.144144E01, 0.000000E00
4.134134E01, 0.000000E00
4.124124E01, 0.000000E00
4.114114E01, 0.000000E00
4.104104E01, 0.000000E00
4.094094E01, 0.000000E00
4.084084E01, 0.000000E00
4.074074E01, 0.000000E00
4.064064E01, 0.000000E00
4.054054E01, 0.000000E00
4.044044E01, 0.000000E00
4.034034E01, 0.000000E00
4.024024E01, 0.000000E00
4.014014E01, 0.000000E00
4.004004E01, 0.000000E00
3.993994E01, 0.000000E00
3.983984E01, 0.000000E00
3.973974E01, 0.000000E00
3.963964E01, 0.000000E00
3.953954E01, 0.000000E00
3.943944E01, 0.000000E00
3.933934E01, 0.000000E00
3.923924E01, 0.000000E00
3.913914E01, 0.000000E00
3.903904E01, 0.000000E00
3.893894E01, 0.000000E00
3.883884E01, 0.000000E00
3.873874E01, 0.000000E00
3.863864E01, 0.000000E00
3.853854E01, 0.000000E00
3.843844E01, 0.000000E00
3.833834E01, 0.000000E00
3.823824E01, 0.000000E00
3.813814E01, 0.000000E00
3.803804E01, 0.000000E00
3.793794E01, 0.000000E00
3.783784E01, 0.000000E00
3.773774E01, 0.000000E00
3.763764E01, 0.000000E00
3.753754E01, 0.000000E00
3.743744E01, 0.000000E00
3.733734E01, 0.000000E00
3.723724E01, 0.000000E00
3.713714E01, 0.000000E00
3.703704E01, 0.000000E00
3.693694E01, 0.000000E00
3.683684E01, 0.000000E00
3.673674E01, 0.000000E00
3.663664E01, 0.000000E00
3.653654E01, 0.000000E00
3.643644E01, 0.000000E00
3.633634E01, 0.000000E00
3.623624E01, 0.000000E00
3.613614E01, 0.000000E00
3.603604E01, 0.000000E00
3.593594E01, 0.000000E00
3.583584E01, 0.000000E00
3.573574E01, 0.000000E00
3.563564E01, 0.000000E00
3.553554E01, 0.000000E00
3.543544E01, 0.000000E00
3.533534E01, 0.000000E00
3.523524E01, 0.000000E00
3.513514E01, 0.000000E00
3.503504E01, 0.000000E00
3.493493E01, 0.000000E00
3.483483E01, 0.000000E00
3.473473E01, 0.000000E00
3.463463E01, 0.000000E00
3.453453E01, 0.000000E00
3.443443E01, 0.000000E00
3.433433E01, 0.000000E00
3.423423E01, 0.000000E00
3.413413E01, 0.000000E00
3.403403E01, 0.000000E00
3.393393E01, 0.000000E00
3.383383E01, 0.000000E00
3.373373E01, 0.000000E00
3.363363E01, 0.000000E00
3.353353E01, 0.000000E00
3.343343E01, 0.000000E00
3.333333E01, 0.000000E00
3.323323E01, 0.000000E00
3.313313E01, 0.000000E00
3.303303E01, 0.000000E00
3.293293E01, 0.000000E00
3.283283E01, 0.000000E00
3.273273E01, 0.000000E00
3.263263E01, 0.000000E00
3.253253E01, 0.000000E00
3.243243E01, 0.000000E00
3.233233E01, 0.000000E00
3.223223E01, 0.000000E00
3.213213E01, 0.000000E00
3.203203E01, 0.000000E00
3.193193E01, 0.000000E00
3.183183E01, 0.000000E00
3.173173E01, 0.000000E00
3.163163E01, 0.000000E00
3.153153E01, 0.000000E00
3.143143E01, 0.000000E00
3.133133E01, 0.000000E00
3.123123E01, 0.000000E00
3.113113E01, 0.000000E00
3.103103E01, 0.000000E00
3.093093E01, 0.000000E00
3.083083E01, 0.000000E00
3.073073E01, 0.000000E00
3.063063E01, 0.000000E00
3.053053E01, 0.000000E00
3.043043E01, 0.000000E00
3.033033E01, 0.000000E00
3.023023E01, 0.000000E00
3.013013E01, 0.000000E00
3.003003E01, 0.000000E00
2.992993E01, 0.000000E00
2.982983E01, 0.000000E00
2.972973E01, 0.000000E00
2.962963E01, 0.000000E00
2.952953E01, 0.000000E00
2.942943E01, 0.000000E00
2.932933E01, 0.000000E00
2.922923E01, 0.000000E00
2.912913E01, 0.000000E00
2.902903E01, 0.000000E00
2.892893E01, 0.000000E00
2.882883E01, 0.000000E00
2.872873E01, 0.000000E00
2.862863E01, 0.000000E00
2.852853E01, 0.000000E00
2.842843E01, 0.000000E00
2.832833E01, 0.000000E00
2.822823E01, 0.000000E00
2.812813E01, 0.000000E00
2.802803E01, 0.000000E00
2.792793E01, 0.000000E00
2.782783E01, 0.000000E00
2.772773E01, 0.000000E00
2.762763E01, 0.000000E00
2.752753E01, 0.000000E00
2.742743E01, 0.000000E00
2.732733E01, 0.000000E00
2.722723E01, 0.000000E00
2.712713E01, 0.000000E00
2.702703E01, 0.000000E00
2.692693E01, 0.000000E00
2.682683E01, 0.000000E00
2.672673E01, 0.000000E00
2.662663E01, 0.000000E00
2.652653E01, 0.000000E00
2.642643E01, 0.000000E00
2.632633E01, 0.000000E00
2.622623E01, 0.000000E00
2.612613E01, 0.000000E00
2.602603E01, 0.000000E00
2.592593E01, 0.000000E00
2.582583E01, 0.000000E00
2.572573E01, 0.000000E00
2.562563E01, 0.000000E00
2.552553E01, 0.000000E00
2.542543E01, 0.000000E00
2.532533E01, 0.000000E00
2.522523E01, 0.000000E00
2.512513E01, 0.000000E00
2.502503E01, 0.000000E00
2.492492E01, 0.000000E00
2.482482E01, 0.000000E00
2.472472E01, 0.000000E00
2.462462E01, 0.000000E00
2.452452E01, 0.000000E00
2.442442E01, 0.000000E00
2.432432E01, 0.000000E00
2.422422E01, 0.000000E00
2.412412E01, 0.000000E00
2.402402E01, 0.000000E00
2.392392E01, 0.000000E00
2.382382E01, 0.000000E00
2.372372E01, 0.000000E00
2.362362E01, 0.000000E00
2.352352E01, 0.000000E00
2.342342E01, 0.000000E00
2.332332E01, 0.000000E00
2.322322E01, 0.000000E00
2.312312E01, 0.000000E00
2.302302E01, 0.000000E00
2.292292E01, 0.000000E00
2.282282E01, 0.000000E00
2.272272E01, 0.000000E00
2.262262E01, 0.000000E00
2.252252E01, 0.000000E00
2.242242E01, 0.000000E00
2.232232E01, 0.000000E00
2.222222E01, 0.000000E00
2.212212E01, 0.000000E00
2.202202E01, 0.000000E00
2.192192E01, 0.000000E00
2.182182E01, 0.000000E00
2.172172E01, 0.000000E00
2.162162E01, 0.000000E00
2.152152E01, 0.000000E00
2.142142E01, 0.000000E00
2.132132E01, 0.000000E00
2.122122E01, 0.000000E00
2.112112E01, 0.000000E00
2.102102E01, 0.000000E00
2.092092E01, 0.000000E00
2.082082E01, 0.000000E00
2.072072E01, 0.000000E00
2.062062E01, 0.000000E00
2.052052E01, 0.000000E00
2.042042E01, 0.000000E00
2.032032E01, 0.000000E00
2.022022E01, 0.000000E00
2.012012E01, 0.000000E00
2.002002E01, 0.000000E00
1.991992E01, 0.000000E00
1.981982E01, 0.000000E00
1.971972E01, 0.000000E00
1.961962E01, 0.000000E00
1.951952E01, 0.000000E00
1.941942E01, 0.000000E00
1.931932E01, 0.000000E00
1.921922E01, 0.000000E00
1.911912E01, 0.000000E00
1.901902E01, 0.000000E00
1.891892E01, 0.000000E00
1.881882E01, 0.000000E00
1.871872E01, 0.000000E00
1.861862E01, 0.000000E00
1.851852E01, 0.000000E00
1.841842E01, 0.000000E00
1.831832E01, 0.000000E00
1.821822E01, 0.000000E00
1.811812E01, 0.000000E00
1.801802E01, 0.000000E00
1.791792E01, 0.000000E00
1.781782E01, 0.000000E00
1.771772E01, 0.000000E00
1.761762E01, 0.000000E00
1.751752E01, 0.000000E00
1.741742E01, 0.000000E00
1.731732E01, 0.000000E00
1.721722E01, 0.000000E00
1.711712E01, 0.000000E00
1.701702E01, 0.000000E00
1.691692E01, 0.000000E00
1.681682E01, 0.000000E00
1.671672E01, 0.000000E00
1.661662E01, 0.000000E00
1.651652E01, 0.000000E00
1.641642E01, 0.000000E00
1.631632E01, 0.000000E00
1.621622E01, 0.000000E00
1.611612E01, 0.000000E00
1.601602E01, 0.000000E00
1.591592E01, 0.000000E00
1.581582E01, 0.000000E00
1.571572E01, 0.000000E00
1.561562E01, 0.000000E00
1.551552E01, 0.000000E00
1.541542E01, 0.000000E00
1.531532E01, 0.000000E00
1.521522E01, 0.000000E00
1.511512E01, 0.000000E00
1.501502E01, 0.000000E00
1.491491E01, 0.000000E00
1.481481E01, 0.000000E00
1.471471E01, 0.000000E00
1.461461E01, 0.000000E00
1.451451E01, 0.000000E00
1.441441E01, 0.000000E00
1.431431E01, 0.000000E00
1.421421E01, 0.000000E00
1.411411E01, 0.000000E00
1.401401E01, 0.000000E00
1.391391E01, 0.000000E00
1.381381E01, 0.000000E00
1.371371E01, 0.000000E00
1.361361E01, 0.000000E00
1.351351E01, 0.000000E00
1.341341E01, 0.000000E00
1.331331E01, 0.000000E00
1.321321E01, 0.000000E00
1.311311E01, 0.000000E00
1.301301E01, 0.000000E00
1.291291E01, 0.000000E00
1.281281E01, 0.000000E00
1.271271E01, 0.000000E00
1.261261E01, 0.000000E00
1.251251E01, 0.000000E00
1.241241E01, 0.000000E00
1.231231E01, 0.000000E00
1.221221E01, 0.000000E00
1.211211E01, 0.000000E00
1.201201E01, 0.000000E00
1.191191E01, 0.000000E00
1.181181E01, 0.000000E00
1.171171E01, 0.000000E00
1.161161E01, 0.000000E00
1.151151E01, 0.000000E00
1.141141E01, 0.000000E00
1.131131E01, 0.000000E00
1.121121E01, 0.000000E00
1.111111E01, 0.000000E00
1.101101E01, 0.000000E00
1.091091E01, 0.000000E00
1.081081E01, 0.000000E00
1.071071E01, 0.000000E00
1.061061E01, 0.000000E00
1.051051E01, 0.000000E00
1.041041E01, 0.000000E00
1.031031E01, 0.000000E00
1.021021E01, 0.000000E00
1.011011E01, 0.000000E00
1.001001E01, 0.000000E00
9.909910E00, 0.000000E00
9.809810E00, 0.000000E00
9.709710E00, 0.000000E00
9.609610E00, 0.000000E00
9.509510E00, 0.000000E00
9.409409E00, 0.000000E00
9.309309E00, 0.000000E00
9.209209E00, 0.000000E00
9.109109E00, 0.000000E00
9.009009E00, 0.000000E00
8.908909E00, 0.000000E00
8.808809E00, 0.000000E00
8.708709E00, 0.000000E00
8.608609E00, 0.000000E00
8.508509E00, 0.000000E00
8.408408E00, 0.000000E00
8.308308E00, 0.000000E00
8.208208E00, 0.000000E00
8.108108E00, 0.000000E00
8.008008E00, 0.000000E00
7.907908E00, 0.000000E00
7.807808E00, 0.000000E00
7.707708E00, 0.000000E00
7.607608E00, 0.000000E00
7.507508E00, 0.000000E00
7.407407E00, 0.000000E00
7.307307E00, 0.000000E00
7.207207E00, 0.000000E00
7.107107E00, 0.000000E00
7.007007E00, 0.000000E00
6.906907E00, 0.000000E00
6.806807E00, 0.000000E00
6.706707E00, 0.000000E00
6.606607E00, 0.000000E00
6.506507E00, 0.000000E00
6.406406E00, 0.000000E00
6.306306E00, 0.000000E00
6.206206E00, 0.000000E00
6.106106E00, 0.000000E00
6.006006E00, 0.000000E00
5.905906E00, 0.000000E00
5.805806E00, 0.000000E00
5.705706E00, 0.000000E00
5.605606E00, 0.000000E00
5.505506E00, 0.000000E00
5.405405E00, 0.000000E00
5.305305E00, 0.000000E00
5.205205E00, 0.000000E00
5.105105E00, 0.000000E00
5.005005E00, 0.000000E00
4.904905E00, 0.000000E00
4.804805E00, 0.000000E00
4.704705E00, 0.000000E00
4.604605E00, 0.000000E00
4.504505E00, 0.000000E00
4.404404E00, 0.000000E00
4.304304E00, 0.000000E00
4.204204E00, 0.000000E00
4.104104E00, 0.000000E00
4.004004E00, 0.000000E00
3.903904E00, 0.000000E00
3.803804E00, 0.000000E00
3.703704E00, 0.000000E00
3.603604E00, 0.000000E00
3.503504E00, 0.000000E00
3.403403E00, 0.000000E00
3.303303E00, 0.000000E00
3.203203E00, 0.000000E00
3.103103E00, 0.000000E00
3.003003E00, 0.000000E00
2.902903E00, 0.000000E00
2.802803E00, 0.000000E00
2.702703E00, 0.000000E00
2.602603E00, 0.000000E00
2.502503E00, 0.000000E00
2.402402E00, 0.000000E00
2.302302E00, 0.000000E00
2.202202E00, 0.000000E00
2.102102E00, 0.000000E00
2.002002E00, 0.000000E00
1.901902E00, 0.000000E00
1.801802E00, 0.000000E00
1.701702E00, 0.000000E00
1.601602E00, 0.000000E00
1.501502E00, 0.000000E00
1.401401E00, 0.000000E00
1.301301E00, 0.000000E00
1.201201E00, 0.000000E00
1.101101E00, 0.000000E00
1.001001E00, 0.000000E00
9.009009E-01, 0.000000E00
8.008008E-01, 0.000000E00
7.007007E-01, 0.000000E00
6.006006E-01, 0.000000E00
5.005005E-01, 0.000000E00
4.004004E-01, 0.000000E00
3.003003E-01, 0.000000E00
2.002002E-01, 0.000000E00
1.001001E-01, 0.000000E00
0.000000E00, 0.000000E00
##END=
