##TITLE= Parameter file, TOPSPIN		Version 3.2
##JCAMPDX= 5.0
##DATATYPE= Parameter Values
##NPOINTS= 1	$$ modification sequence number
##ORIGIN= Bruker BioSpin GmbH
##OWNER= nmr
$$ 2018-06-14 16:33:18.295 +0700  nmr@rk400
$$ E:\data\nmr/KS_20180614_AzoN15_sabre/4/pdata/1/clevels
$$ process C:\Bruker\TS32pl7\prog\mod\edparproc.exe
##$LEVELS= (0..255)
-190178.500680176 -105654.722600098 -58697.0681111654 -32609.4822839808
-18116.379046656 -10064.65502592 -5591.4750144 -3106.375008 3106.375008
5591.4750144 10064.65502592 18116.379046656 32609.4822839808 58697.0681111654
105654.722600098 190178.500680176 0 0 0 0 0 0 0 0 0 0 0 0 0 0 0 0 0 0 0
0 0 0 0 0 0 0 0 0 0 0 0 0 0 0 0 0 0 0 0 0 0 0 0 0 0 0 0 0 0 0 0 0 0 0 0
0 0 0 0 0 0 0 0 0 0 0 0 0 0 0 0 0 0 0 0 0 0 0 0 0 0 0 0 0 0 0 0 0 0 0 0
0 0 0 0 0 0 0 0 0 0 0 0 0 0 0 0 0 0 0 0 0 0 0 0 0 0 0 0 0 0 0 0 0 0 0 0
0 0 0 0 0 0 0 0 0 0 0 0 0 0 0 0 0 0 0 0 0 0 0 0 0 0 0 0 0 0 0 0 0 0 0 0
0 0 0 0 0 0 0 0 0 0 0 0 0 0 0 0 0 0 0 0 0 0 0 0 0 0 0 0 0 0 0 0 0 0 0 0
0 0 0 0 0 0 0 0 0 0 0 0 0 0 0 0 0 0 0 0 0 0 0 0 0 0 0 0 0 0 0 0 0 0 0 0
0 0 0 0 0
##$LEVSIGN= 3
##$MAXLEV= 8
##$METHOD= 0
##$NEGBASE= -3106.375008
##$NEGINCR= 1.8
##$POSBASE= 3106.375008
##$POSINCR= 1.8
##END=
